7495995360
8095872644
8340405640
5818337909
5861845150
8068427585
8350601541
8284910525
7321454114
2011886911
7201500042
7267260456
8454695296
7881683586
8537738787
6553858903
8300369805
7998985654
7672703824
6325470503
7606875261
8205988191
8589875776
1381342132
8337166477
5603138587
930993062
5737349216
7389990910
6774122848
7799301986
8272791368
1704469877
1772163228
6492386173
8415914305
7778091372
7083546977
7083546977
6068457703
1326483956
7888670978
7910598527
6934132407
7389990910
7550960045
8589875776
6941297025
2011886911
8200972847
1014757927
8359309942
8226418060
6393741622
8296199537
8542675633
7018161189
6747974116
8550708411
6049247328
5244922083
